0 0.542841
0.0333321 0.542841
0.0666643 0.542841
0.0999964 0.542841
0.133329 0.239633
0.166661 -0.366785
0.199993 -0.454813
0.233325 -0.513499
0.266657 -0.611308
0.299989 -0.63087
0.333321 -0.63087
0.366653 -0.63087
0.399986 -0.621089
0.46665 -0.581965
0.499982 -0.513499
0.533314 -0.464594
0.566646 -0.396128
0.599978 -0.347223
0.633311 -0.308099
0.666643 -0.268975
0.699975 -0.229852
0.733307 -0.00489046
0.766639 0.0831379
0.799971 0.161385
0.833303 0.239633
0.866635 0.31788
0.899968 0.386347
0.9333 0.445032
0.966632 0.503718
0.999964 0.562403
1.0333 0.601527
1.06663 0.63087
1.09996 0.650432
1.13329 0.660213
1.16662 0.660213
1.19996 0.650432
1.23329 0.63087
1.26662 0.611308
1.29995 0.572184
1.33329 0.53306
1.36662 0.474375
1.39995 0.415689
1.43328 0.347223
1.46661 0.278756
1.49995 0.200509
1.53328 0.122262
1.56661 0.0440142
1.59994 -0.0440142
1.63327 -0.122262
1.66661 -0.200509
1.69994 -0.278756
1.73327 -0.357004
1.7666 -0.415689
1.79994 -0.484156
1.83327 -0.53306
1.8666 -0.581965
1.89993 -0.621089
1.93326 -0.650432
1.99993 -0.669993
2.06659 -0.650432
2.09992 -0.640651
2.16659 -0.552622
2.19992 -0.503718
2.23325 -0.435251
2.26659 -0.376566
2.29992 -0.308099
2.33325 -0.229852
2.36658 -0.151604
2.39991 -0.0733569
2.43325 0.0146714
2.46658 0.1027
2.49991 0.180947
2.53324 0.259195
2.56657 0.337442
2.59991 0.405908
2.63324 0.464594
2.66657 0.52328
2.6999 0.572184
2.73323 0.611308
2.76657 0.640651
2.7999 0.650432
2.83323 0.669993
2.86656 0.669993
2.8999 0.650432
2.93323 0.63087
2.96656 0.601527
2.99989 0.562403
3.03322 0.503718
3.06656 0.454813
3.09989 0.386347
3.13322 0.31788
3.16655 0.249414
3.19988 0.171166
3.23322 0.0929188
3.26655 0.00489046
3.29988 -0.0733569
3.33321 -0.151604
3.36655 -0.229852
3.39988 -0.308099
3.43321 -0.376566
3.46654 -0.445032
3.49987 -0.493937
3.53321 -0.542841
3.56654 -0.591746
3.6332 -0.650432
3.76653 -0.650432
3.8332 -0.581965
3.86653 -0.53306
3.89986 -0.474375
3.93319 -0.415689
3.96652 -0.347223
3.99986 -0.268975
4.03319 -0.190728
4.06652 -0.112481
4.09985 -0.0342332
4.13318 0.0537951
4.16652 0.132043
4.19985 0.21029
4.23318 0.288537
4.26651 0.366785
4.29985 0.42547
4.33318 0.484156
4.36651 0.542841
4.39984 0.581965
4.43317 0.611308
4.46651 0.650432
4.49984 0.660213
4.53317 0.669993
4.5665 0.650432
4.59983 0.650432
4.63317 0.621089
4.6665 0.581965
4.69983 0.542841
4.73316 0.484156
4.76649 0.42547
4.79983 0.366785
4.83316 0.298318
4.86649 0.220071
4.89982 0.151604
4.93316 0.063576
4.96649 -0.0146714
4.99982 -0.0929188
5.03315 -0.171166
5.06648 -0.249414
5.09982 -0.327661
5.13315 -0.396128
5.16648 -0.454813
5.19981 -0.513499
5.23314 -0.572184
5.29981 -0.63087
5.33314 -0.650432
5.36647 -0.660213
5.39981 -0.660213
5.43314 -0.650432
5.46647 -0.63087
5.53313 -0.572184
5.56647 -0.513499
5.5998 -0.454813
5.63313 -0.396128
5.66646 -0.327661
5.69979 -0.249414
5.73313 -0.171166
5.76646 -0.0929188
5.79979 -0.00489046
5.83312 0.0733569
5.86646 0.161385
5.89979 0.229852
5.93312 0.31788
5.96645 0.386347
5.99978 0.445032
6.03312 0.503718
6.06645 0.562403
6.09978 0.601527
6.13311 0.621089
6.16644 0.650432
6.19978 0.660213
6.23311 0.660213
6.26644 0.650432
6.29977 0.63087
6.33311 0.591746
6.36644 0.562403
6.39977 0.513499
6.4331 0.464594
6.46643 0.405908
6.49977 0.337442
6.5331 0.268975
6.56643 0.190728
6.59976 0.112481
6.63309 0.0342332
6.66643 -0.0537951
6.69976 -0.132043
6.73309 -0.21029
6.76642 -0.278756
6.79976 -0.347223
6.83309 -0.415689
6.86642 -0.474375
6.89975 -0.52328
6.93308 -0.572184
6.99975 -0.640651
7.03308 -0.650432
7.06641 -0.660213
7.09974 -0.660213
7.13308 -0.650432
7.23307 -0.542841
7.2664 -0.493937
7.29974 -0.435251
7.33307 -0.366785
7.3664 -0.298318
7.39973 -0.220071
7.43307 -0.141823
7.4664 -0.0537951
7.49973 0.0244523
7.53306 0.112481
7.56639 0.190728
7.59973 0.268975
7.63306 0.337442
7.66639 0.405908
7.69972 0.474375
7.73305 0.52328
7.76639 0.572184
7.79972 0.611308
7.83305 0.63087
7.86638 0.650432
7.89972 0.660213
7.93305 0.650432
7.96638 0.650432
7.99971 0.63087
8.03304 0.591746
8.06638 0.552622
8.09971 0.503718
8.13304 0.445032
8.16637 0.386347
8.1997 0.308099
8.23304 0.239633
8.26637 0.171166
8.2997 0.0929188
8.33303 0.00489046
8.36637 -0.0733569
8.3997 -0.151604
8.43303 -0.229852
8.46636 -0.308099
8.49969 -0.366785
8.53303 -0.435251
8.56636 -0.484156
8.59969 -0.542841
8.66635 -0.621089
8.69969 -0.640651
8.73302 -0.650432
8.76635 -0.650432
8.83302 -0.640651
8.89968 -0.572184
8.93301 -0.52328
8.96634 -0.474375
8.99968 -0.405908
9.03301 -0.347223
9.06634 -0.268975
9.09967 -0.190728
9.133 -0.112481
9.16634 -0.0244523
9.19967 0.0537951
9.233 0.141823
9.26633 0.220071
9.29966 0.298318
9.333 0.366785
9.36633 0.435251
9.39966 0.493937
9.43299 0.53306
9.46633 0.591746
9.49966 0.611308
9.53299 0.63087
9.56632 0.650432
9.59965 0.650432
9.63299 0.650432
9.66632 0.63087
9.69965 0.611308
9.73298 0.572184
9.76631 0.53306
9.79965 0.474375
9.83298 0.42547
9.86631 0.357004
9.89964 0.288537
9.93298 0.220071
9.96631 0.141823
9.99964 0.063576
10.033 -0.0244523
10.0663 -0.1027
10.0996 -0.180947
10.133 -0.259195
10.1663 -0.327661
10.1996 -0.386347
10.233 -0.454813
10.2663 -0.503718
10.2996 -0.552622
10.333 -0.591746
10.3663 -0.621089
10.3996 -0.640651
10.433 -0.650432
10.4663 -0.650432
10.533 -0.63087
10.5996 -0.562403
10.633 -0.503718
10.6663 -0.445032
10.6996 -0.386347
10.7329 -0.31788
10.7663 -0.239633
10.7996 -0.161385
10.8329 -0.0733569
10.8663 0.00489046
10.8996 0.0831379
10.9329 0.161385
10.9663 0.239633
10.9996 0.31788
11.0329 0.396128
11.0663 0.454813
11.0996 0.503718
11.1329 0.552622
11.1663 0.591746
11.1996 0.611308
11.2329 0.650432
11.2663 0.650432
11.2996 0.650432
11.3329 0.650432
11.3663 0.63087
11.3996 0.601527
11.4329 0.562403
11.4663 0.513499
11.4996 0.464594
11.5329 0.405908
11.5662 0.327661
11.5996 0.259195
11.6329 0.180947
11.6662 0.1027
11.6996 0.0342332
11.7329 -0.0537951
11.7662 -0.132043
11.7996 -0.21029
11.8329 -0.288537
11.8662 -0.347223
11.8996 -0.415689
11.9329 -0.474375
11.9996 -0.572184
12.2996 -0.53306
12.3329 -0.484156
12.3662 -0.42547
12.3996 -0.357004
12.4329 -0.288537
12.4662 -0.21029
12.4995 -0.132043
12.5329 -0.0537951
12.5662 0.0244523
12.5995 0.112481
12.6329 0.190728
12.6662 0.268975
12.6995 0.337442
12.7329 0.405908
12.7662 0.464594
12.7995 0.513499
12.8329 0.572184
12.8662 0.601527
12.8995 0.621089
12.9329 0.640651
12.9662 0.650432
12.9995 0.650432
13.0329 0.63087
13.0662 0.611308
13.0995 0.581965
13.1329 0.542841
13.1662 0.493937
13.1995 0.445032
13.2329 0.376566
13.2662 0.308099
13.2995 0.239633
13.3329 0.161385
13.3662 0.0831379
13.3995 0.00489046
13.4328 -0.0733569
13.4662 -0.151604
13.4995 -0.229852
13.5328 -0.308099
13.5662 -0.366785
13.5995 -0.435251
13.6328 -0.484156
13.6662 -0.53306
13.7995 -0.650432
13.8328 -0.650432
13.8662 -0.640651
13.8995 -0.63087
13.9662 -0.572184
13.9995 -0.513499
14.0328 -0.464594
14.0662 -0.396128
14.0995 -0.337442
14.1328 -0.259195
14.1662 -0.180947
14.1995 -0.0929188
14.2328 -0.0146714
14.2662 0.063576
14.2995 0.141823
14.3328 0.220071
14.3661 0.298318
14.3995 0.357004
14.4328 0.42547
14.4661 0.484156
14.4995 0.53306
14.5328 0.572184
14.5661 0.611308
14.5995 0.63087
14.6328 0.650432
14.6661 0.650432
14.6995 0.650432
14.7328 0.63087
14.7661 0.601527
14.7995 0.572184
14.8328 0.52328
14.8661 0.474375
14.8995 0.415689
14.9328 0.347223
14.9661 0.278756
14.9995 0.21029
15.0328 0.132043
15.0661 0.0537951
15.0995 -0.0244523
15.1328 -0.1027
15.1661 -0.180947
15.1995 -0.259195
15.2328 -0.327661
15.2661 -0.396128
15.2994 -0.454813
15.3328 -0.503718
15.3661 -0.542841
15.4661 -0.640651
15.4994 -0.650432
15.5661 -0.640651
15.6661 -0.542841
15.6994 -0.493937
15.7328 -0.435251
15.7661 -0.376566
15.7994 -0.308099
15.8328 -0.229852
15.8661 -0.151604
15.8994 -0.0733569
15.9328 0.00489046
15.9661 0.0831379
15.9994 0.161385
16.0328 0.239633
16.0661 0.31788
16.0994 0.376566
16.1328 0.435251
16.1661 0.493937
16.1994 0.552622
16.2327 0.581965
16.2661 0.611308
16.2994 0.63087
16.3327 0.640651
16.3661 0.650432
16.3994 0.63087
16.4327 0.611308
16.4661 0.591746
16.4994 0.552622
16.5327 0.513499
16.5661 0.454813
16.5994 0.396128
16.6327 0.327661
16.6661 0.259195
16.6994 0.180947
16.7327 0.1027
16.7661 0.0244523
16.7994 -0.0537951
16.8327 -0.132043
16.8661 -0.21029
16.8994 -0.288537
16.9327 -0.347223
16.9661 -0.405908
16.9994 -0.464594
17.0327 -0.52328
17.0661 -0.572184
17.166 -0.640651
17.3327 -0.581965
17.366 -0.52328
17.3994 -0.474375
17.4327 -0.415689
17.466 -0.347223
17.4994 -0.278756
17.5327 -0.200509
17.566 -0.122262
17.5994 -0.0440142
17.6327 0.0440142
17.666 0.122262
17.6994 0.200509
17.7327 0.278756
17.766 0.337442
17.7994 0.405908
17.8327 0.464594
17.866 0.513499
17.8994 0.562403
17.9327 0.591746
17.966 0.621089
17.9994 0.63087
18.0327 0.650432
18.066 0.640651
18.0993 0.63087
18.1327 0.611308
18.166 0.572184
18.1993 0.53306
18.2327 0.493937
18.266 0.435251
18.2993 0.366785
18.3327 0.298318
18.366 0.229852
18.3993 0.161385
18.4327 0.0831379
18.466 0.00489046
18.4993 -0.0733569
18.5327 -0.151604
18.566 -0.229852
18.5993 -0.308099
18.6327 -0.366785
18.666 -0.435251
18.6993 -0.484156
18.7327 -0.53306
18.766 -0.581965
18.866 -0.640651
18.966 -0.621089
19.0326 -0.552622
19.066 -0.513499
19.0993 -0.454813
19.1326 -0.396128
19.166 -0.327661
19.1993 -0.249414
19.2326 -0.180947
19.266 -0.0929188
19.2993 -0.0146714
19.3326 0.063576
19.366 0.141823
19.3993 0.220071
19.4326 0.288537
19.466 0.357004
19.4993 0.415689
19.5326 0.474375
19.566 0.53306
19.5993 0.572184
19.6326 0.601527
19.666 0.621089
19.6993 0.640651
19.7326 0.640651
19.766 0.63087
19.7993 0.611308
19.8326 0.591746
19.866 0.552622
19.8993 0.513499
19.9326 0.464594
19.9659 0.405908
19.9993 0.347223
20.0326 0.278756
20.0659 0.200509
20.0993 0.122262
20.1326 0.0440142
20.1659 -0.0342332
20.1993 -0.112481
20.2326 -0.190728
20.2659 -0.268975
20.2993 -0.327661
20.3326 -0.396128
20.3659 -0.445032
20.3993 -0.503718
20.4326 -0.542841
20.4659 -0.591746
20.5326 -0.63087
20.5659 -0.640651
20.6326 -0.63087
20.7326 -0.53306
20.7659 -0.493937
20.7993 -0.435251
20.8326 -0.376566
20.8659 -0.298318
20.8992 -0.229852
20.9326 -0.151604
20.9659 -0.0733569
20.9992 0.00489046
21.0326 0.0831379
21.0659 0.161385
21.0992 0.239633
21.1326 0.31788
21.1659 0.376566
21.1992 0.445032
21.2326 0.493937
21.2659 0.542841
21.2992 0.572184
21.3326 0.611308
21.3659 0.63087
21.3992 0.640651
21.4326 0.640651
21.4659 0.63087
21.4992 0.611308
21.5326 0.581965
21.5659 0.542841
21.5992 0.493937
21.6326 0.454813
21.6659 0.396128
21.6992 0.31788
21.7326 0.249414
21.7659 0.171166
21.7992 0.0929188
21.8325 0.0146714
21.8659 -0.063576
21.8992 -0.141823
21.9325 -0.21029
21.9659 -0.278756
21.9992 -0.357004
22.0325 -0.415689
22.0659 -0.474375
22.1325 -0.572184
22.1992 -0.621089
22.2325 -0.640651
22.2659 -0.640651
22.2992 -0.640651
22.3992 -0.562403
22.4325 -0.513499
22.4659 -0.474375
22.4992 -0.415689
22.5325 -0.347223
22.5659 -0.278756
22.5992 -0.200509
22.6325 -0.122262
22.6659 -0.0440142
22.6992 0.0342332
22.7325 0.112481
22.7658 0.190728
22.7992 0.268975
22.8325 0.337442
22.8658 0.405908
22.8992 0.464594
22.9325 0.503718
22.9658 0.552622
22.9992 0.591746
23.0325 0.611308
23.0658 0.63087
23.0992 0.640651
23.1325 0.63087
23.1658 0.621089
23.1992 0.601527
23.2325 0.572184
23.2992 0.474375
23.3325 0.435251
23.3658 0.366785
23.3992 0.298318
23.4325 0.220071
23.4658 0.151604
23.4992 0.0733569
23.5325 -0.00489046
23.5658 -0.0831379
23.5991 -0.161385
23.6325 -0.239633
23.6658 -0.308099
23.6991 -0.376566
23.7325 -0.435251
23.7658 -0.493937
23.7991 -0.53306
23.8325 -0.572184
23.8991 -0.63087
23.9325 -0.63087
23.9658 -0.63087
24.0991 -0.552622
24.1325 -0.493937
24.1658 -0.445032
24.1991 -0.396128
24.2325 -0.31788
24.2658 -0.249414
24.2991 -0.171166
24.3325 -0.0929188
24.3658 -0.0146714
24.3991 0.063576
24.4325 0.141823
24.4658 0.220071
24.4991 0.298318
24.5324 0.357004
24.5658 0.415689
24.5991 0.474375
24.6324 0.53306
24.6658 0.572184
24.6991 0.601527
24.7324 0.621089
24.7658 0.63087
24.7991 0.63087
24.8324 0.63087
24.8658 0.611308
24.9324 0.552622
24.9658 0.513499
24.9991 0.464594
25.0324 0.405908
25.0658 0.337442
25.0991 0.268975
25.1324 0.200509
25.1658 0.122262
25.1991 0.0440142
25.2324 -0.0342332
25.2658 -0.112481
25.2991 -0.190728
25.3324 -0.268975
25.3658 -0.327661
25.3991 -0.396128
25.4324 -0.445032
25.4657 -0.503718
25.4991 -0.542841
25.5324 -0.581965
25.7657 -0.572184
25.7991 -0.53306
25.8324 -0.474375
25.8657 -0.415689
25.8991 -0.357004
25.9324 -0.298318
25.9657 -0.220071
25.9991 -0.141823
26.0324 -0.063576
26.0657 0.0146714
26.0991 0.0929188
26.1324 0.171166
26.1657 0.239633
26.1991 0.31788
26.2324 0.376566
26.2657 0.435251
26.2991 0.493937
26.3657 0.572184
26.399 0.611308
26.4324 0.621089
26.4657 0.63087
26.499 0.63087
26.5324 0.621089
26.5657 0.601527
26.599 0.572184
26.6657 0.493937
26.699 0.445032
26.7324 0.376566
26.7657 0.31788
26.799 0.239633
26.8324 0.161385
26.8657 0.0831379
26.899 0.00489046
26.9324 -0.0733569
26.9657 -0.132043
26.999 -0.21029
27.0324 -0.288537
27.0657 -0.357004
27.099 -0.415689
27.1324 -0.474375
27.1657 -0.513499
27.199 -0.552622
27.299 -0.63087
27.3323 -0.63087
27.3657 -0.63087
27.4657 -0.562403
27.499 -0.513499
27.5323 -0.454813
27.5657 -0.396128
27.599 -0.337442
27.6323 -0.268975
27.6657 -0.190728
27.699 -0.112481
27.7323 -0.0342332
27.7657 0.0440142
27.799 0.122262
27.8323 0.200509
27.8657 0.268975
27.899 0.337442
27.9323 0.405908
27.9657 0.454813
28.0657 0.591746
28.099 0.611308
28.1323 0.63087
28.1657 0.63087
28.199 0.63087
28.2323 0.611308
28.2656 0.591746
28.299 0.552622
28.3323 0.513499
28.3656 0.474375
28.399 0.415689
28.4323 0.357004
28.4656 0.278756
28.499 0.220071
28.5323 0.141823
28.5656 0.063576
28.599 -0.0146714
28.6323 -0.0929188
28.6656 -0.171166
28.699 -0.229852
28.7323 -0.308099
28.7656 -0.366785
28.799 -0.435251
28.8323 -0.484156
28.8656 -0.52328
28.999 -0.63087
29.0323 -0.63087
29.0656 -0.611308
29.1323 -0.572184
29.1656 -0.53306
29.1989 -0.493937
29.2323 -0.435251
29.2656 -0.376566
29.2989 -0.308099
29.3323 -0.239633
29.3656 -0.161385
29.3989 -0.0831379
29.4323 -0.00489046
29.4656 0.0733569
29.4989 0.161385
29.5323 0.229852
29.5656 0.298318
29.5989 0.376566
29.6323 0.435251
29.6656 0.484156
29.6989 0.53306
29.7323 0.572184
29.7656 0.591746
29.7989 0.611308
29.8323 0.63087
29.8656 0.63087
29.8989 0.63087
29.9323 0.611308
29.9656 0.591746
29.9989 0.542841
30.0323 0.503718
30.0656 0.454813
30.0989 0.396128
30.1322 0.327661
30.1656 0.259195
30.1989 0.190728
30.2322 0.112481
30.2656 0.0342332
30.2989 -0.0244523
30.3322 -0.1027
30.3656 -0.180947
30.3989 -0.249414
30.4322 -0.327661
30.4656 -0.386347
30.4989 -0.445032
30.5322 -0.484156
30.5656 -0.53306
30.5989 -0.572184
30.6322 -0.601527
30.6656 -0.611308
30.6989 -0.63087
30.8322 -0.562403
30.8656 -0.513499
30.8989 -0.464594
30.9322 -0.415689
30.9656 -0.357004
30.9989 -0.278756
31.0322 -0.220071
31.0655 -0.141823
31.0989 -0.063576
31.1322 0.0146714
31.1655 0.0929188
31.1989 0.171166
31.2322 0.249414
31.2655 0.31788
31.2989 0.386347
31.3322 0.445032
31.3655 0.493937
31.3989 0.542841
31.4322 0.572184
31.4655 0.601527
31.4989 0.621089
31.5322 0.63087
31.5655 0.63087
31.5989 0.621089
31.6322 0.601527
31.6655 0.572184
31.6989 0.53306
31.7322 0.484156
31.7655 0.435251
31.7989 0.376566
31.8322 0.308099
31.8655 0.239633
31.8989 0.171166
31.9322 0.1027
31.9655 0.0244523
31.9988 -0.0537951
32.0322 -0.132043
32.0655 -0.21029
32.0988 -0.268975
32.1322 -0.337442
32.1655 -0.396128
32.1988 -0.454813
32.2322 -0.503718
32.2655 -0.542841
32.2988 -0.581965
32.3655 -0.611308
32.3988 -0.621089
32.5322 -0.552622
32.5655 -0.503718
32.5988 -0.445032
32.6322 -0.386347
32.6655 -0.327661
32.6988 -0.259195
32.7322 -0.190728
32.7655 -0.112481
32.7988 -0.0342332
32.8322 0.0440142
32.8655 0.122262
32.8988 0.200509
32.9321 0.278756
32.9655 0.337442
32.9988 0.405908
33.0321 0.464594
33.0655 0.513499
33.0988 0.552622
33.1321 0.591746
33.1655 0.611308
33.1988 0.621089
33.2321 0.621089
33.2655 0.621089
33.2988 0.611308
33.3321 0.591746
33.3655 0.552622
33.4321 0.464594
33.4655 0.415689
33.4988 0.357004
33.5321 0.288537
33.5655 0.220071
33.5988 0.141823
33.6321 0.063576
33.6655 -0.00489046
33.6988 -0.0831379
33.7321 -0.161385
33.7655 -0.229852
33.7988 -0.298318
33.8321 -0.357004
33.8654 -0.42547
33.8988 -0.474375
33.9321 -0.52328
33.9654 -0.562403
33.9988 -0.591746
34.0654 -0.611308
34.0988 -0.611308
34.1321 -0.611308
34.2321 -0.53306
34.2654 -0.474375
34.2988 -0.42547
34.3321 -0.366785
34.3654 -0.308099
34.3988 -0.229852
34.4321 -0.151604
34.4654 -0.0831379
34.4988 -0.00489046
34.5321 0.0733569
34.5654 0.151604
34.5988 0.220071
34.6321 0.298318
34.6654 0.366785
34.6987 0.42547
34.7321 0.474375
34.7654 0.52328
34.7987 0.562403
34.8321 0.591746
34.8654 0.611308
34.8987 0.63087
34.9321 0.63087
34.9654 0.611308
34.9987 0.601527
35.0321 0.581965
35.0654 0.542841
35.0987 0.503718
35.1321 0.445032
35.1654 0.396128
35.1987 0.327661
35.2321 0.268975
35.2654 0.200509
35.2987 0.122262
35.3321 0.0440142
35.3654 -0.0342332
35.3987 -0.112481
35.4321 -0.180947
35.4654 -0.259195
35.4987 -0.31788
35.5321 -0.386347
35.5654 -0.445032
35.5987 -0.484156
35.632 -0.53306
35.6654 -0.572184
35.832 -0.611308
35.8987 -0.552622
35.932 -0.503718
35.9654 -0.454813
35.9987 -0.405908
36.032 -0.347223
36.0654 -0.278756
36.0987 -0.200509
36.132 -0.132043
36.1654 -0.0537951
36.1987 0.0244523
36.232 0.1027
36.2654 0.180947
36.2987 0.259195
36.332 0.31788
36.3654 0.386347
36.3987 0.445032
36.432 0.493937
36.4654 0.53306
36.4987 0.572184
36.532 0.591746
36.5653 0.611308
36.5987 0.621089
36.632 0.621089
36.6653 0.611308
36.6987 0.591746
36.732 0.562403
36.7653 0.53306
36.7987 0.474375
36.832 0.435251
36.8653 0.376566
36.8987 0.308099
36.932 0.239633
36.9653 0.161385
36.9987 0.0831379
37.032 0.0146714
37.0653 -0.063576
37.0987 -0.141823
37.132 -0.21029
37.1653 -0.268975
37.1987 -0.337442
37.232 -0.396128
37.2653 -0.454813
37.2987 -0.503718
37.332 -0.542841
37.4653 -0.611308
37.5653 -0.572184
37.5986 -0.53306
37.632 -0.493937
37.6653 -0.435251
37.6986 -0.376566
37.732 -0.31788
37.7653 -0.249414
37.7986 -0.171166
37.832 -0.0929188
37.8653 -0.0146714
37.8986 0.063576
37.932 0.141823
37.9653 0.21029
37.9986 0.278756
38.032 0.347223
38.0653 0.415689
38.0986 0.464594
38.132 0.513499
38.1653 0.552622
38.1986 0.581965
38.232 0.601527
38.2653 0.621089
38.2986 0.63087
38.332 0.63087
38.3653 0.611308
38.3986 0.581965
38.4319 0.552622
38.4653 0.513499
38.4986 0.464594
38.5319 0.415689
38.5653 0.357004
38.5986 0.278756
38.6319 0.21029
38.6653 0.141823
38.6986 0.063576
38.7319 -0.0146714
38.7653 -0.0929188
38.7986 -0.161385
38.8319 -0.229852
38.8653 -0.298318
38.8986 -0.357004
38.9319 -0.415689
38.9653 -0.474375
39.0319 -0.542841
39.2653 -0.562403
39.2986 -0.513499
39.3319 -0.474375
39.3652 -0.415689
39.3986 -0.357004
39.4319 -0.288537
39.4652 -0.220071
39.4986 -0.141823
39.5319 -0.063576
39.5652 0.0146714
39.5986 0.0929188
39.6319 0.171166
39.6652 0.239633
39.6986 0.308099
39.7319 0.366785
39.7652 0.42547
39.7986 0.484156
39.8319 0.52328
39.8652 0.562403
39.8986 0.591746
39.9319 0.611308
39.9652 0.621089
40.0652 0.591746
40.0986 0.572184
40.1319 0.53306
40.1652 0.493937
40.1986 0.435251
40.2319 0.386347
40.2652 0.31788
40.2985 0.259195
40.3319 0.180947
40.3652 0.122262
40.3985 0.0440142
40.4319 -0.0342332
40.4652 -0.112481
40.4985 -0.180947
40.5319 -0.249414
40.5652 -0.31788
40.5985 -0.376566
40.6319 -0.435251
40.6652 -0.474375
40.6985 -0.53306
40.9319 -0.572184
40.9985 -0.503718
41.0319 -0.454813
41.0652 -0.405908
41.0985 -0.337442
41.1319 -0.268975
41.1652 -0.200509
41.1985 -0.122262
41.2318 -0.0440142
41.2652 0.0342332
41.2985 0.112481
41.3318 0.190728
41.3652 0.259195
41.3985 0.327661
41.4318 0.386347
41.4652 0.445032
41.4985 0.493937
41.5318 0.542841
41.5652 0.572184
41.5985 0.591746
41.6318 0.611308
41.6652 0.621089
41.6985 0.611308
41.7318 0.611308
41.7652 0.591746
41.7985 0.552622
41.8318 0.513499
41.8652 0.474375
41.8985 0.42547
41.9318 0.366785
41.9652 0.298318
41.9985 0.239633
42.0318 0.161385
42.0652 0.0929188
42.0985 0.0146714
42.1318 -0.0537951
42.1651 -0.132043
42.1985 -0.200509
42.2318 -0.268975
42.2651 -0.337442
42.2985 -0.405908
42.3318 -0.464594
42.3651 -0.513499
42.3985 -0.542841
42.4651 -0.591746
42.5985 -0.581965
42.6318 -0.562403
42.6651 -0.53306
42.6985 -0.493937
42.7318 -0.445032
42.7651 -0.386347
42.7985 -0.327661
42.8318 -0.249414
42.8651 -0.180947
42.8985 -0.1027
42.9318 -0.0244523
42.9651 0.0537951
42.9985 0.132043
43.0318 0.21029
43.0651 0.278756
43.0984 0.347223
43.1318 0.405908
43.1651 0.464594
43.1984 0.503718
43.2318 0.542841
43.2984 0.591746
43.3651 0.611308
43.4318 0.591746
43.4651 0.572184
43.4984 0.542841
43.5318 0.503718
43.5651 0.454813
43.5984 0.396128
43.6318 0.337442
43.6651 0.278756
43.6984 0.21029
43.7318 0.141823
43.7651 0.063576
43.7984 -0.0146714
43.8318 -0.0929188
43.8651 -0.161385
43.8984 -0.229852
43.9318 -0.298318
43.9651 -0.357004
43.9984 -0.42547
44.0317 -0.484156
44.0651 -0.52328
44.0984 -0.552622
44.1317 -0.572184
44.2984 -0.581965
44.3651 -0.513499
44.3984 -0.474375
44.4317 -0.415689
44.4651 -0.357004
44.4984 -0.298318
44.5317 -0.220071
44.5651 -0.151604
44.5984 -0.0733569
44.6317 0.00489046
44.6651 0.0831379
44.6984 0.161385
44.7317 0.229852
44.7651 0.298318
44.7984 0.366785
44.8317 0.42547
44.8651 0.474375
44.8984 0.52328
44.9317 0.552622
45.065 0.611308
45.0984 0.611308
45.1317 0.591746
45.165 0.562403
45.1984 0.53306
45.2317 0.493937
45.265 0.435251
45.2984 0.386347
45.3317 0.31788
45.365 0.249414
45.3984 0.180947
45.4317 0.112481
45.465 0.0440142
45.4984 -0.0342332
45.5317 -0.112481
45.565 -0.180947
45.5984 -0.249414
45.6317 -0.327661
45.665 -0.386347
45.6984 -0.435251
45.7317 -0.484156
45.765 -0.52328
45.7983 -0.562403
46.0317 -0.53306
46.0983 -0.454813
46.1317 -0.396128
46.165 -0.337442
46.1983 -0.259195
46.2317 -0.200509
46.265 -0.112481
46.2983 -0.0342332
46.3317 0.0440142
46.365 0.112481
46.3983 0.190728
46.4317 0.259195
46.465 0.327661
46.4983 0.386347
46.5317 0.445032
46.565 0.493937
46.5983 0.53306
46.665 0.591746
46.6983 0.611308
46.7316 0.611308
46.7983 0.611308
46.865 0.552622
46.8983 0.513499
46.9316 0.474375
46.965 0.415689
46.9983 0.366785
47.0316 0.298318
47.065 0.229852
47.0983 0.161385
47.1316 0.0831379
47.165 0.00489046
47.1983 -0.063576
47.2316 -0.132043
47.265 -0.21029
47.2983 -0.278756
47.3316 -0.347223
47.365 -0.396128
47.3983 -0.445032
47.4316 -0.484156
47.465 -0.53306
47.6983 -0.552622
47.7316 -0.513499
47.7649 -0.474375
47.7983 -0.415689
47.8316 -0.357004
47.8649 -0.298318
47.8983 -0.229852
47.9316 -0.161385
47.9649 -0.0929188
47.9983 -0.0146714
48.0316 0.063576
48.0649 0.141823
48.0983 0.220071
48.1316 0.278756
48.1649 0.347223
48.1983 0.405908
48.2316 0.454813
48.2649 0.503718
48.2983 0.542841
48.3649 0.591746
48.4316 0.611308
48.5316 0.572184
48.5649 0.53306
48.5982 0.493937
48.6316 0.454813
48.6649 0.396128
48.6982 0.337442
48.7316 0.268975
48.7649 0.200509
48.7982 0.122262
48.8316 0.0537951
48.8649 -0.0146714
48.8982 -0.0929188
48.9316 -0.161385
48.9649 -0.229852
48.9982 -0.298318
49.0316 -0.366785
49.0649 -0.415689
49.0982 -0.464594
49.1316 -0.503718
49.1649 -0.542841
49.1982 -0.572184
49.3649 -0.572184
49.3982 -0.542841
49.4649 -0.454813
49.4982 -0.396128
49.5315 -0.337442
49.5649 -0.278756
49.5982 -0.200509
49.6315 -0.132043
49.6649 -0.063576
49.6982 0.0146714
49.7315 0.0929188
49.7649 0.171166
49.7982 0.239633
49.8315 0.308099
49.8649 0.366785
49.8982 0.42547
49.9649 0.513499
49.9982 0.552622
50.0982 0.611308
50.1315 0.611308
50.2315 0.552622
50.2649 0.513499
50.3315 0.42547
50.3649 0.376566
50.3982 0.308099
50.4315 0.239633
50.4648 0.180947
50.4982 0.1027
50.5315 0.0244523
50.5648 -0.0440142
50.5982 -0.112481
50.6315 -0.190728
50.6648 -0.249414
50.6982 -0.31788
50.7315 -0.376566
50.7648 -0.435251
50.7982 -0.484156
50.8315 -0.52328
50.8648 -0.542841
51.0648 -0.552622
51.0982 -0.52328
51.1315 -0.484156
51.1648 -0.445032
51.1982 -0.396128
51.2315 -0.337442
51.2648 -0.259195
51.2982 -0.190728
51.3315 -0.122262
51.3648 -0.0342332
51.3981 0.0440142
51.4315 0.122262
51.4648 0.190728
51.4981 0.259195
51.5315 0.327661
51.5648 0.386347
51.5981 0.445032
51.6315 0.493937
51.6648 0.53306
51.6981 0.562403
51.7315 0.581965
51.7648 0.601527
51.7981 0.611308
51.9981 0.454813
52.0315 0.405908
52.0648 0.347223
52.0981 0.278756
52.1315 0.21029
52.1648 0.141823
52.1981 0.0733569
52.2315 0.00489046
52.2648 -0.063576
52.2981 -0.132043
52.3314 -0.21029
52.3648 -0.268975
52.3981 -0.347223
52.4314 -0.396128
52.4648 -0.445032
52.4981 -0.484156
52.7981 -0.513499
52.8314 -0.464594
52.8981 -0.357004
52.9314 -0.298318
52.9648 -0.239633
52.9981 -0.161385
53.0314 -0.0831379
53.0648 -0.0146714
53.0981 0.063576
53.1314 0.132043
53.1648 0.21029
53.1981 0.278756
53.2314 0.347223
53.2647 0.405908
53.2981 0.454813
53.3314 0.503718
53.3647 0.53306
53.3981 0.572184
53.4314 0.591746
53.4647 0.591746
53.4981 0.601527
53.5314 0.591746
53.5647 0.572184
53.5981 0.552622
53.6314 0.52328
53.6647 0.484156
53.6981 0.435251
53.7314 0.386347
53.7647 0.31788
53.7981 0.249414
53.8314 0.190728
53.8647 0.122262
53.8981 0.0537951
53.9314 -0.0244523
53.9647 -0.0929188
53.9981 -0.171166
54.0314 -0.229852
54.0647 -0.308099
54.0981 -0.366785
54.1314 -0.415689
54.198 -0.503718
54.2314 -0.542841
54.4647 -0.53306
54.498 -0.493937
54.5314 -0.445032
54.5647 -0.405908
54.598 -0.347223
54.6314 -0.268975
54.6647 -0.21029
54.698 -0.132043
54.7314 -0.063576
54.7647 0.0146714
54.798 0.0929188
54.8314 0.161385
54.8647 0.239633
54.898 0.298318
54.9314 0.366785
54.998 0.474375
55.0314 0.513499
55.0647 0.542841
55.098 0.572184
55.1313 0.591746
55.298 0.542841
55.3313 0.503718
55.3647 0.464594
55.398 0.415689
55.4313 0.366785
55.4647 0.308099
55.498 0.229852
55.5313 0.171166
55.5647 0.0929188
55.598 0.0244523
55.6313 -0.0537951
55.6647 -0.122262
55.698 -0.190728
55.7313 -0.268975
55.7647 -0.327661
55.798 -0.386347
55.8647 -0.484156
55.9313 -0.542841
55.9647 -0.572184
56.1313 -0.552622
56.198 -0.484156
56.2646 -0.386347
56.298 -0.31788
56.3313 -0.249414
56.3646 -0.190728
56.398 -0.112481
56.4313 -0.0342332
56.4646 0.0440142
56.498 0.112481
56.5313 0.180947
56.5646 0.259195
56.598 0.31788
56.6313 0.376566
56.6646 0.435251
56.698 0.484156
56.7313 0.52328
56.798 0.572184
56.8313 0.591746
56.8646 0.591746
56.898 0.591746
56.9979 0.52328
57.0313 0.493937
57.0646 0.445032
57.0979 0.396128
57.1313 0.337442
57.1646 0.278756
57.1979 0.200509
57.2313 0.141823
57.2646 0.0733569
57.2979 -0.00489046
57.3313 -0.0733569
57.3646 -0.151604
57.3979 -0.21029
57.4313 -0.288537
57.4646 -0.347223
57.4979 -0.405908
57.5313 -0.445032
57.5646 -0.484156
57.5979 -0.52328
57.8312 -0.53306
57.8646 -0.503718
57.8979 -0.464594
57.9646 -0.357004
57.9979 -0.288537
58.0312 -0.220071
58.0646 -0.161385
58.0979 -0.0831379
58.1312 -0.00489046
58.1646 0.0733569
58.1979 0.141823
58.2312 0.21029
58.2646 0.278756
58.2979 0.357004
58.3312 0.415689
58.3646 0.454813
58.3979 0.503718
58.4312 0.542841
58.4646 0.562403
58.4979 0.581965
58.5312 0.591746
58.5646 0.591746
58.6646 0.552622
58.6979 0.52328
58.7312 0.484156
58.7645 0.435251
58.7979 0.386347
58.8312 0.31788
58.8645 0.249414
58.8979 0.180947
58.9312 0.112481
58.9645 0.0440142
58.9979 -0.0342332
59.0312 -0.1027
59.0645 -0.171166
59.0979 -0.239633
59.1312 -0.298318
59.1645 -0.366785
59.2312 -0.464594
59.2645 -0.513499
59.2979 -0.542841
59.3312 -0.572184
59.5312 -0.52328
59.5979 -0.435251
59.6312 -0.396128
59.6645 -0.337442
59.6978 -0.268975
59.7312 -0.200509
59.7645 -0.132043
59.7978 -0.063576
59.8312 0.0146714
59.8645 0.0929188
59.8978 0.171166
59.9312 0.229852
59.9645 0.298318
59.9978 0.366785
60.0312 0.42547
60.0645 0.474375
60.0978 0.513499
60.1312 0.552622
60.1645 0.572184
60.2312 0.601527
60.2645 0.601527
60.3645 0.542841
60.3978 0.503718
60.4312 0.464594
60.4645 0.405908
60.4978 0.357004
60.5312 0.288537
60.5645 0.220071
60.5978 0.151604
60.6311 0.0831379
60.6645 0.0146714
60.6978 -0.0537951
60.7311 -0.122262
60.7645 -0.200509
60.7978 -0.268975
60.8311 -0.327661
60.8645 -0.386347
60.8978 -0.435251
60.9311 -0.474375
60.9645 -0.513499
60.9978 -0.552622
