0 239
0.0333321 239
0.0666643 239
0.0999964 239
0.133329 270
0.166661 332
0.199993 341
0.233325 347
0.266657 357
0.299989 359
0.333321 359
0.366653 359
0.399986 358
0.46665 354
0.499982 347
0.533314 342
0.566646 335
0.599978 330
0.633311 326
0.666643 322
0.699975 318
0.733307 295
0.766639 286
0.799971 278
0.833303 270
0.866635 262
0.899968 255
0.9333 249
0.966632 243
0.999964 237
1.0333 233
1.06663 230
1.09996 228
1.13329 227
1.16662 227
1.19996 228
1.23329 230
1.26662 232
1.29995 236
1.33329 240
1.36662 246
1.39995 252
1.43328 259
1.46661 266
1.49995 274
1.53328 282
1.56661 290
1.59994 299
1.63327 307
1.66661 315
1.69994 323
1.73327 331
1.7666 337
1.79994 344
1.83327 349
1.8666 354
1.89993 358
1.93326 361
1.99993 363
2.06659 361
2.09992 360
2.16659 351
2.19992 346
2.23325 339
2.26659 333
2.29992 326
2.33325 318
2.36658 310
2.39991 302
2.43325 293
2.46658 284
2.49991 276
2.53324 268
2.56657 260
2.59991 253
2.63324 247
2.66657 241
2.6999 236
2.73323 232
2.76657 229
2.7999 228
2.83323 226
2.86656 226
2.8999 228
2.93323 230
2.96656 233
2.99989 237
3.03322 243
3.06656 248
3.09989 255
3.13322 262
3.16655 269
3.19988 277
3.23322 285
3.26655 294
3.29988 302
3.33321 310
3.36655 318
3.39988 326
3.43321 333
3.46654 340
3.49987 345
3.53321 350
3.56654 355
3.6332 361
3.76653 361
3.8332 354
3.86653 349
3.89986 343
3.93319 337
3.96652 330
3.99986 322
4.03319 314
4.06652 306
4.09985 298
4.13318 289
4.16652 281
4.19985 273
4.23318 265
4.26651 257
4.29985 251
4.33318 245
4.36651 239
4.39984 235
4.43317 232
4.46651 228
4.49984 227
4.53317 226
4.5665 228
4.59983 228
4.63317 231
4.6665 235
4.69983 239
4.73316 245
4.76649 251
4.79983 257
4.83316 264
4.86649 272
4.89982 279
4.93316 288
4.96649 296
4.99982 304
5.03315 312
5.06648 320
5.09982 328
5.13315 335
5.16648 341
5.19981 347
5.23314 353
5.29981 359
5.33314 361
5.36647 362
5.39981 362
5.43314 361
5.46647 359
5.53313 353
5.56647 347
5.5998 341
5.63313 335
5.66646 328
5.69979 320
5.73313 312
5.76646 304
5.79979 295
5.83312 287
5.86646 278
5.89979 271
5.93312 262
5.96645 255
5.99978 249
6.03312 243
6.06645 237
6.09978 233
6.13311 231
6.16644 228
6.19978 227
6.23311 227
6.26644 228
6.29977 230
6.33311 234
6.36644 237
6.39977 242
6.4331 247
6.46643 253
6.49977 260
6.5331 267
6.56643 275
6.59976 283
6.63309 291
6.66643 300
6.69976 308
6.73309 316
6.76642 323
6.79976 330
6.83309 337
6.86642 343
6.89975 348
6.93308 353
6.99975 360
7.03308 361
7.06641 362
7.09974 362
7.13308 361
7.23307 350
7.2664 345
7.29974 339
7.33307 332
7.3664 325
7.39973 317
7.43307 309
7.4664 300
7.49973 292
7.53306 283
7.56639 275
7.59973 267
7.63306 260
7.66639 253
7.69972 246
7.73305 241
7.76639 236
7.79972 232
7.83305 230
7.86638 228
7.89972 227
7.93305 228
7.96638 228
7.99971 230
8.03304 234
8.06638 238
8.09971 243
8.13304 249
8.16637 255
8.1997 263
8.23304 270
8.26637 277
8.2997 285
8.33303 294
8.36637 302
8.3997 310
8.43303 318
8.46636 326
8.49969 332
8.53303 339
8.56636 344
8.59969 350
8.66635 358
8.69969 360
8.73302 361
8.76635 361
8.83302 360
8.89968 353
8.93301 348
8.96634 343
8.99968 336
9.03301 330
9.06634 322
9.09967 314
9.133 306
9.16634 297
9.19967 289
9.233 280
9.26633 272
9.29966 264
9.333 257
9.36633 250
9.39966 244
9.43299 240
9.46633 234
9.49966 232
9.53299 230
9.56632 228
9.59965 228
9.63299 228
9.66632 230
9.69965 232
9.73298 236
9.76631 240
9.79965 246
9.83298 251
9.86631 258
9.89964 265
9.93298 272
9.96631 280
9.99964 288
10.033 297
10.0663 305
10.0996 313
10.133 321
10.1663 328
10.1996 334
10.233 341
10.2663 346
10.2996 351
10.333 355
10.3663 358
10.3996 360
10.433 361
10.4663 361
10.533 359
10.5996 352
10.633 346
10.6663 340
10.6996 334
10.7329 327
10.7663 319
10.7996 311
10.8329 302
10.8663 294
10.8996 286
10.9329 278
10.9663 270
10.9996 262
11.0329 254
11.0663 248
11.0996 243
11.1329 238
11.1663 234
11.1996 232
11.2329 228
11.2663 228
11.2996 228
11.3329 228
11.3663 230
11.3996 233
11.4329 237
11.4663 242
11.4996 247
11.5329 253
11.5662 261
11.5996 268
11.6329 276
11.6662 284
11.6996 291
11.7329 300
11.7662 308
11.7996 316
11.8329 324
11.8662 330
11.8996 337
11.9329 343
11.9996 353
12.2996 349
12.3329 344
12.3662 338
12.3996 331
12.4329 324
12.4662 316
12.4995 308
12.5329 300
12.5662 292
12.5995 283
12.6329 275
12.6662 267
12.6995 260
12.7329 253
12.7662 247
12.7995 242
12.8329 236
12.8662 233
12.8995 231
12.9329 229
12.9662 228
12.9995 228
13.0329 230
13.0662 232
13.0995 235
13.1329 239
13.1662 244
13.1995 249
13.2329 256
13.2662 263
13.2995 270
13.3329 278
13.3662 286
13.3995 294
13.4328 302
13.4662 310
13.4995 318
13.5328 326
13.5662 332
13.5995 339
13.6328 344
13.6662 349
13.7995 361
13.8328 361
13.8662 360
13.8995 359
13.9662 353
13.9995 347
14.0328 342
14.0662 335
14.0995 329
14.1328 321
14.1662 313
14.1995 304
14.2328 296
14.2662 288
14.2995 280
14.3328 272
14.3661 264
14.3995 258
14.4328 251
14.4661 245
14.4995 240
14.5328 236
14.5661 232
14.5995 230
14.6328 228
14.6661 228
14.6995 228
14.7328 230
14.7661 233
14.7995 236
14.8328 241
14.8661 246
14.8995 252
14.9328 259
14.9661 266
14.9995 273
15.0328 281
15.0661 289
15.0995 297
15.1328 305
15.1661 313
15.1995 321
15.2328 328
15.2661 335
15.2994 341
15.3328 346
15.3661 350
15.4661 360
15.4994 361
15.5661 360
15.6661 350
15.6994 345
15.7328 339
15.7661 333
15.7994 326
15.8328 318
15.8661 310
15.8994 302
15.9328 294
15.9661 286
15.9994 278
16.0328 270
16.0661 262
16.0994 256
16.1328 250
16.1661 244
16.1994 238
16.2327 235
16.2661 232
16.2994 230
16.3327 229
16.3661 228
16.3994 230
16.4327 232
16.4661 234
16.4994 238
16.5327 242
16.5661 248
16.5994 254
16.6327 261
16.6661 268
16.6994 276
16.7327 284
16.7661 292
16.7994 300
16.8327 308
16.8661 316
16.8994 324
16.9327 330
16.9661 336
16.9994 342
17.0327 348
17.0661 353
17.166 360
17.3327 354
17.366 348
17.3994 343
17.4327 337
17.466 330
17.4994 323
17.5327 315
17.566 307
17.5994 299
17.6327 290
17.666 282
17.6994 274
17.7327 266
17.766 260
17.7994 253
17.8327 247
17.866 242
17.8994 237
17.9327 234
17.966 231
17.9994 230
18.0327 228
18.066 229
18.0993 230
18.1327 232
18.166 236
18.1993 240
18.2327 244
18.266 250
18.2993 257
18.3327 264
18.366 271
18.3993 278
18.4327 286
18.466 294
18.4993 302
18.5327 310
18.566 318
18.5993 326
18.6327 332
18.666 339
18.6993 344
18.7327 349
18.766 354
18.866 360
18.966 358
19.0326 351
19.066 347
19.0993 341
19.1326 335
19.166 328
19.1993 320
19.2326 313
19.266 304
19.2993 296
19.3326 288
19.366 280
19.3993 272
19.4326 265
19.466 258
19.4993 252
19.5326 246
19.566 240
19.5993 236
19.6326 233
19.666 231
19.6993 229
19.7326 229
19.766 230
19.7993 232
19.8326 234
19.866 238
19.8993 242
19.9326 247
19.9659 253
19.9993 259
20.0326 266
20.0659 274
20.0993 282
20.1326 290
20.1659 298
20.1993 306
20.2326 314
20.2659 322
20.2993 328
20.3326 335
20.3659 340
20.3993 346
20.4326 350
20.4659 355
20.5326 359
20.5659 360
20.6326 359
20.7326 349
20.7659 345
20.7993 339
20.8326 333
20.8659 325
20.8992 318
20.9326 310
20.9659 302
20.9992 294
21.0326 286
21.0659 278
21.0992 270
21.1326 262
21.1659 256
21.1992 249
21.2326 244
21.2659 239
21.2992 236
21.3326 232
21.3659 230
21.3992 229
21.4326 229
21.4659 230
21.4992 232
21.5326 235
21.5659 239
21.5992 244
21.6326 248
21.6659 254
21.6992 262
21.7326 269
21.7659 277
21.7992 285
21.8325 293
21.8659 301
21.8992 309
21.9325 316
21.9659 323
21.9992 331
22.0325 337
22.0659 343
22.1325 353
22.1992 358
22.2325 360
22.2659 360
22.2992 360
22.3992 352
22.4325 347
22.4659 343
22.4992 337
22.5325 330
22.5659 323
22.5992 315
22.6325 307
22.6659 299
22.6992 291
22.7325 283
22.7658 275
22.7992 267
22.8325 260
22.8658 253
22.8992 247
22.9325 243
22.9658 238
22.9992 234
23.0325 232
23.0658 230
23.0992 229
23.1325 230
23.1658 231
23.1992 233
23.2325 236
23.2992 246
23.3325 250
23.3658 257
23.3992 264
23.4325 272
23.4658 279
23.4992 287
23.5325 295
23.5658 303
23.5991 311
23.6325 319
23.6658 326
23.6991 333
23.7325 339
23.7658 345
23.7991 349
23.8325 353
23.8991 359
23.9325 359
23.9658 359
24.0991 351
24.1325 345
24.1658 340
24.1991 335
24.2325 327
24.2658 320
24.2991 312
24.3325 304
24.3658 296
24.3991 288
24.4325 280
24.4658 272
24.4991 264
24.5324 258
24.5658 252
24.5991 246
24.6324 240
24.6658 236
24.6991 233
24.7324 231
24.7658 230
24.7991 230
24.8324 230
24.8658 232
24.9324 238
24.9658 242
24.9991 247
25.0324 253
25.0658 260
25.0991 267
25.1324 274
25.1658 282
25.1991 290
25.2324 298
25.2658 306
25.2991 314
25.3324 322
25.3658 328
25.3991 335
25.4324 340
25.4657 346
25.4991 350
25.5324 354
25.7657 353
25.7991 349
25.8324 343
25.8657 337
25.8991 331
25.9324 325
25.9657 317
25.9991 309
26.0324 301
26.0657 293
26.0991 285
26.1324 277
26.1657 270
26.1991 262
26.2324 256
26.2657 250
26.2991 244
26.3657 236
26.399 232
26.4324 231
26.4657 230
26.499 230
26.5324 231
26.5657 233
26.599 236
26.6657 244
26.699 249
26.7324 256
26.7657 262
26.799 270
26.8324 278
26.8657 286
26.899 294
26.9324 302
26.9657 308
26.999 316
27.0324 324
27.0657 331
27.099 337
27.1324 343
27.1657 347
27.199 351
27.299 359
27.3323 359
27.3657 359
27.4657 352
27.499 347
27.5323 341
27.5657 335
27.599 329
27.6323 322
27.6657 314
27.699 306
27.7323 298
27.7657 290
27.799 282
27.8323 274
27.8657 267
27.899 260
27.9323 253
27.9657 248
28.0657 234
28.099 232
28.1323 230
28.1657 230
28.199 230
28.2323 232
28.2656 234
28.299 238
28.3323 242
28.3656 246
28.399 252
28.4323 258
28.4656 266
28.499 272
28.5323 280
28.5656 288
28.599 296
28.6323 304
28.6656 312
28.699 318
28.7323 326
28.7656 332
28.799 339
28.8323 344
28.8656 348
28.999 359
29.0323 359
29.0656 357
29.1323 353
29.1656 349
29.1989 345
29.2323 339
29.2656 333
29.2989 326
29.3323 319
29.3656 311
29.3989 303
29.4323 295
29.4656 287
29.4989 278
29.5323 271
29.5656 264
29.5989 256
29.6323 250
29.6656 245
29.6989 240
29.7323 236
29.7656 234
29.7989 232
29.8323 230
29.8656 230
29.8989 230
29.9323 232
29.9656 234
29.9989 239
30.0323 243
30.0656 248
30.0989 254
30.1322 261
30.1656 268
30.1989 275
30.2322 283
30.2656 291
30.2989 297
30.3322 305
30.3656 313
30.3989 320
30.4322 328
30.4656 334
30.4989 340
30.5322 344
30.5656 349
30.5989 353
30.6322 356
30.6656 357
30.6989 359
30.8322 352
30.8656 347
30.8989 342
30.9322 337
30.9656 331
30.9989 323
31.0322 317
31.0655 309
31.0989 301
31.1322 293
31.1655 285
31.1989 277
31.2322 269
31.2655 262
31.2989 255
31.3322 249
31.3655 244
31.3989 239
31.4322 236
31.4655 233
31.4989 231
31.5322 230
31.5655 230
31.5989 231
31.6322 233
31.6655 236
31.6989 240
31.7322 245
31.7655 250
31.7989 256
31.8322 263
31.8655 270
31.8989 277
31.9322 284
31.9655 292
31.9988 300
32.0322 308
32.0655 316
32.0988 322
32.1322 329
32.1655 335
32.1988 341
32.2322 346
32.2655 350
32.2988 354
32.3655 357
32.3988 358
32.5322 351
32.5655 346
32.5988 340
32.6322 334
32.6655 328
32.6988 321
32.7322 314
32.7655 306
32.7988 298
32.8322 290
32.8655 282
32.8988 274
32.9321 266
32.9655 260
32.9988 253
33.0321 247
33.0655 242
33.0988 238
33.1321 234
33.1655 232
33.1988 231
33.2321 231
33.2655 231
33.2988 232
33.3321 234
33.3655 238
33.4321 247
33.4655 252
33.4988 258
33.5321 265
33.5655 272
33.5988 280
33.6321 288
33.6655 295
33.6988 303
33.7321 311
33.7655 318
33.7988 325
33.8321 331
33.8654 338
33.8988 343
33.9321 348
33.9654 352
33.9988 355
34.0654 357
34.0988 357
34.1321 357
34.2321 349
34.2654 343
34.2988 338
34.3321 332
34.3654 326
34.3988 318
34.4321 310
34.4654 303
34.4988 295
34.5321 287
34.5654 279
34.5988 272
34.6321 264
34.6654 257
34.6987 251
34.7321 246
34.7654 241
34.7987 237
34.8321 234
34.8654 232
34.8987 230
34.9321 230
34.9654 232
34.9987 233
35.0321 235
35.0654 239
35.0987 243
35.1321 249
35.1654 254
35.1987 261
35.2321 267
35.2654 274
35.2987 282
35.3321 290
35.3654 298
35.3987 306
35.4321 313
35.4654 321
35.4987 327
35.5321 334
35.5654 340
35.5987 344
35.632 349
35.6654 353
35.832 357
35.8987 351
35.932 346
35.9654 341
35.9987 336
36.032 330
36.0654 323
36.0987 315
36.132 308
36.1654 300
36.1987 292
36.232 284
36.2654 276
36.2987 268
36.332 262
36.3654 255
36.3987 249
36.432 244
36.4654 240
36.4987 236
36.532 234
36.5653 232
36.5987 231
36.632 231
36.6653 232
36.6987 234
36.732 237
36.7653 240
36.7987 246
36.832 250
36.8653 256
36.8987 263
36.932 270
36.9653 278
36.9987 286
37.032 293
37.0653 301
37.0987 309
37.132 316
37.1653 322
37.1987 329
37.232 335
37.2653 341
37.2987 346
37.332 350
37.4653 357
37.5653 353
37.5986 349
37.632 345
37.6653 339
37.6986 333
37.732 327
37.7653 320
37.7986 312
37.832 304
37.8653 296
37.8986 288
37.932 280
37.9653 273
37.9986 266
38.032 259
38.0653 252
38.0986 247
38.132 242
38.1653 238
38.1986 235
38.232 233
38.2653 231
38.2986 230
38.332 230
38.3653 232
38.3986 235
38.4319 238
38.4653 242
38.4986 247
38.5319 252
38.5653 258
38.5986 266
38.6319 273
38.6653 280
38.6986 288
38.7319 296
38.7653 304
38.7986 311
38.8319 318
38.8653 325
38.8986 331
38.9319 337
38.9653 343
39.0319 350
39.2653 352
39.2986 347
39.3319 343
39.3652 337
39.3986 331
39.4319 324
39.4652 317
39.4986 309
39.5319 301
39.5652 293
39.5986 285
39.6319 277
39.6652 270
39.6986 263
39.7319 257
39.7652 251
39.7986 245
39.8319 241
39.8652 237
39.8986 234
39.9319 232
39.9652 231
40.0652 234
40.0986 236
40.1319 240
40.1652 244
40.1986 250
40.2319 255
40.2652 262
40.2985 268
40.3319 276
40.3652 282
40.3985 290
40.4319 298
40.4652 306
40.4985 313
40.5319 320
40.5652 327
40.5985 333
40.6319 339
40.6652 343
40.6985 349
40.9319 353
40.9985 346
41.0319 341
41.0652 336
41.0985 329
41.1319 322
41.1652 315
41.1985 307
41.2318 299
41.2652 291
41.2985 283
41.3318 275
41.3652 268
41.3985 261
41.4318 255
41.4652 249
41.4985 244
41.5318 239
41.5652 236
41.5985 234
41.6318 232
41.6652 231
41.6985 232
41.7318 232
41.7652 234
41.7985 238
41.8318 242
41.8652 246
41.8985 251
41.9318 257
41.9652 264
41.9985 270
42.0318 278
42.0652 285
42.0985 293
42.1318 300
42.1651 308
42.1985 315
42.2318 322
42.2651 329
42.2985 336
42.3318 342
42.3651 347
42.3985 350
42.4651 355
42.5985 354
42.6318 352
42.6651 349
42.6985 345
42.7318 340
42.7651 334
42.7985 328
42.8318 320
42.8651 313
42.8985 305
42.9318 297
42.9651 289
42.9985 281
43.0318 273
43.0651 266
43.0984 259
43.1318 253
43.1651 247
43.1984 243
43.2318 239
43.2984 234
43.3651 232
43.4318 234
43.4651 236
43.4984 239
43.5318 243
43.5651 248
43.5984 254
43.6318 260
43.6651 266
43.6984 273
43.7318 280
43.7651 288
43.7984 296
43.8318 304
43.8651 311
43.8984 318
43.9318 325
43.9651 331
43.9984 338
44.0317 344
44.0651 348
44.0984 351
44.1317 353
44.2984 354
44.3651 347
44.3984 343
44.4317 337
44.4651 331
44.4984 325
44.5317 317
44.5651 310
44.5984 302
44.6317 294
44.6651 286
44.6984 278
44.7317 271
44.7651 264
44.7984 257
44.8317 251
44.8651 246
44.8984 241
44.9317 238
45.065 232
45.0984 232
45.1317 234
45.165 237
45.1984 240
45.2317 244
45.265 250
45.2984 255
45.3317 262
45.365 269
45.3984 276
45.4317 283
45.465 290
45.4984 298
45.5317 306
45.565 313
45.5984 320
45.6317 328
45.665 334
45.6984 339
45.7317 344
45.765 348
45.7983 352
46.0317 349
46.0983 341
46.1317 335
46.165 329
46.1983 321
46.2317 315
46.265 306
46.2983 298
46.3317 290
46.365 283
46.3983 275
46.4317 268
46.465 261
46.4983 255
46.5317 249
46.565 244
46.5983 240
46.665 234
46.6983 232
46.7316 232
46.7983 232
46.865 238
46.8983 242
46.9316 246
46.965 252
46.9983 257
47.0316 264
47.065 271
47.0983 278
47.1316 286
47.165 294
47.1983 301
47.2316 308
47.265 316
47.2983 323
47.3316 330
47.365 335
47.3983 340
47.4316 344
47.465 349
47.6983 351
47.7316 347
47.7649 343
47.7983 337
47.8316 331
47.8649 325
47.8983 318
47.9316 311
47.9649 304
47.9983 296
48.0316 288
48.0649 280
48.0983 272
48.1316 266
48.1649 259
48.1983 253
48.2316 248
48.2649 243
48.2983 239
48.3649 234
48.4316 232
48.5316 236
48.5649 240
48.5982 244
48.6316 248
48.6649 254
48.6982 260
48.7316 267
48.7649 274
48.7982 282
48.8316 289
48.8649 296
48.8982 304
48.9316 311
48.9649 318
48.9982 325
49.0316 332
49.0649 337
49.0982 342
49.1316 346
49.1649 350
49.1982 353
49.3649 353
49.3982 350
49.4649 341
49.4982 335
49.5315 329
49.5649 323
49.5982 315
49.6315 308
49.6649 301
49.6982 293
49.7315 285
49.7649 277
49.7982 270
49.8315 263
49.8649 257
49.8982 251
49.9649 242
49.9982 238
50.0982 232
50.1315 232
50.2315 238
50.2649 242
50.3315 251
50.3649 256
50.3982 263
50.4315 270
50.4648 276
50.4982 284
50.5315 292
50.5648 299
50.5982 306
50.6315 314
50.6648 320
50.6982 327
50.7315 333
50.7648 339
50.7982 344
50.8315 348
50.8648 350
51.0648 351
51.0982 348
51.1315 344
51.1648 340
51.1982 335
51.2315 329
51.2648 321
51.2982 314
51.3315 307
51.3648 298
51.3981 290
51.4315 282
51.4648 275
51.4981 268
51.5315 261
51.5648 255
51.5981 249
51.6315 244
51.6648 240
51.6981 237
51.7315 235
51.7648 233
51.7981 232
51.9981 248
52.0315 253
52.0648 259
52.0981 266
52.1315 273
52.1648 280
52.1981 287
52.2315 294
52.2648 301
52.2981 308
52.3314 316
52.3648 322
52.3981 330
52.4314 335
52.4648 340
52.4981 344
52.7981 347
52.8314 342
52.8981 331
52.9314 325
52.9648 319
52.9981 311
53.0314 303
53.0648 296
53.0981 288
53.1314 281
53.1648 273
53.1981 266
53.2314 259
53.2647 253
53.2981 248
53.3314 243
53.3647 240
53.3981 236
53.4314 234
53.4647 234
53.4981 233
53.5314 234
53.5647 236
53.5981 238
53.6314 241
53.6647 245
53.6981 250
53.7314 255
53.7647 262
53.7981 269
53.8314 275
53.8647 282
53.8981 289
53.9314 297
53.9647 304
53.9981 312
54.0314 318
54.0647 326
54.0981 332
54.1314 337
54.198 346
54.2314 350
54.4647 349
54.498 345
54.5314 340
54.5647 336
54.598 330
54.6314 322
54.6647 316
54.698 308
54.7314 301
54.7647 293
54.798 285
54.8314 278
54.8647 270
54.898 264
54.9314 257
54.998 246
55.0314 242
55.0647 239
55.098 236
55.1313 234
55.298 239
55.3313 243
55.3647 247
55.398 252
55.4313 257
55.4647 263
55.498 271
55.5313 277
55.5647 285
55.598 292
55.6313 300
55.6647 307
55.698 314
55.7313 322
55.7647 328
55.798 334
55.8647 344
55.9313 350
55.9647 353
56.1313 351
56.198 344
56.2646 334
56.298 327
56.3313 320
56.3646 314
56.398 306
56.4313 298
56.4646 290
56.498 283
56.5313 276
56.5646 268
56.598 262
56.6313 256
56.6646 250
56.698 245
56.7313 241
56.798 236
56.8313 234
56.8646 234
56.898 234
56.9979 241
57.0313 244
57.0646 249
57.0979 254
57.1313 260
57.1646 266
57.1979 274
57.2313 280
57.2646 287
57.2979 295
57.3313 302
57.3646 310
57.3979 316
57.4313 324
57.4646 330
57.4979 336
57.5313 340
57.5646 344
57.5979 348
57.8312 349
57.8646 346
57.8979 342
57.9646 331
57.9979 324
58.0312 317
58.0646 311
58.0979 303
58.1312 295
58.1646 287
58.1979 280
58.2312 273
58.2646 266
58.2979 258
58.3312 252
58.3646 248
58.3979 243
58.4312 239
58.4646 237
58.4979 235
58.5312 234
58.5646 234
58.6646 238
58.6979 241
58.7312 245
58.7645 250
58.7979 255
58.8312 262
58.8645 269
58.8979 276
58.9312 283
58.9645 290
58.9979 298
59.0312 305
59.0645 312
59.0979 319
59.1312 325
59.1645 332
59.2312 342
59.2645 347
59.2979 350
59.3312 353
59.5312 348
59.5979 339
59.6312 335
59.6645 329
59.6978 322
59.7312 315
59.7645 308
59.7978 301
59.8312 293
59.8645 285
59.8978 277
59.9312 271
59.9645 264
59.9978 257
60.0312 251
60.0645 246
60.0978 242
60.1312 238
60.1645 236
60.2312 233
60.2645 233
60.3645 239
60.3978 243
60.4312 247
60.4645 253
60.4978 258
60.5312 265
60.5645 272
60.5978 279
60.6311 286
60.6645 293
60.6978 300
60.7311 307
60.7645 315
60.7978 322
60.8311 328
60.8645 334
60.8978 339
60.9311 343
60.9645 347
60.9978 351
